$hessian                                                                        
        0.4312168706  -0.1018376868   0.0005551167  -0.0158667516  -0.0401158448
        0.0011446783  -0.0072682420   0.0001200533   0.0001056389  -0.1032900250
       -0.0519455856   0.0017492647   0.0011937984  -0.0005890461  -0.0000020772
        0.0005019152  -0.0003918110   0.0000137780   0.0004235268  -0.0016423723
        0.0000206773   0.0089120789   0.0280822156  -0.0007157910  -0.0050386748
        0.0022472477   0.0000328224  -0.0000440140  -0.0017578200   0.0000374743
        0.0001333220   0.0008413405  -0.0000202964   0.0000539384   0.0000607048
       -0.0000094839  -0.0035676012  -0.0015912608   0.0000839011  -0.0005247922
       -0.0003119518   0.0000135477   0.0016884061  -0.0005888465  -0.0000265139
        0.0001710931   0.0012152916  -0.0000311741   0.0000916546   0.0001076878
       -0.0000012990  -0.0001772110  -0.0000893957   0.0000033672  -0.3086092923
        0.1681870800  -0.0029536313
       -0.1018376868   0.5026963473  -0.0121110378  -0.0164242774  -0.0275986427
        0.0009388964  -0.0014729796  -0.0024265731   0.0002433999  -0.0823840003
       -0.2637153311   0.0064011854  -0.0031385628  -0.0013055506   0.0000274722
        0.0043032826  -0.0037782485  -0.0000102605  -0.0006507540   0.0000689996
       -0.0000297240   0.0024562805  -0.0548570935   0.0014933724   0.0050589846
        0.0025620223   0.0001068399   0.0000329897   0.0012213772  -0.0000358113
        0.0013272272  -0.0006056483   0.0000096288   0.0000763556   0.0004294890
       -0.0000380262   0.0024330321   0.0047878403  -0.0001168382  -0.0001759151
        0.0000602800   0.0000049687  -0.0008183704   0.0015189800  -0.0001342398
       -0.0002485196  -0.0012001336   0.0000207552  -0.0002515149   0.0002144231
       -0.0000039297  -0.0001960074   0.0002189642  -0.0000060133   0.1919104358
       -0.1582915014   0.0032393621
        0.0005551167  -0.0121110378   0.0237258215   0.0005428770   0.0011117118
        0.0047530601   0.0001231501   0.0001556609   0.0050741349   0.0025831414
        0.0063451434  -0.0348966137   0.0000599976   0.0000304908  -0.0000277727
       -0.0001143160   0.0000879309  -0.0000128805   0.0000159686   0.0000217967
       -0.0002551650  -0.0000654736   0.0012767368   0.0048102969  -0.0000465653
        0.0000700454   0.0064286395  -0.0000109009  -0.0000167524  -0.0001148829
       -0.0000281598  -0.0000058256  -0.0003842251  -0.0000104661  -0.0000452683
       -0.0015931987  -0.0000323086  -0.0000964639   0.0000671406   0.0000121009
        0.0000088330   0.0004425182  -0.0000201050  -0.0001212334  -0.0035927462
        0.0000059844   0.0000229244  -0.0000073436   0.0000065319  -0.0000035368
        0.0000253515   0.0000049515  -0.0000031269   0.0000001766  -0.0035815247
        0.0032719710  -0.0044423116
       -0.0158667516  -0.0164242774   0.0005428770   0.6357471372  -0.0115760660
       -0.0038531851  -0.1128331573  -0.0336893410   0.0009997570  -0.2260159898
       -0.0696574291   0.0030401836   0.0388741476   0.0092543105  -0.0004486974
       -0.1687831418   0.1134396792  -0.0012944353   0.0105491398  -0.0331547768
        0.0006350354  -0.0522266166   0.0506272558  -0.0007637653  -0.0245642771
       -0.0307683965   0.0008603723  -0.0719054074  -0.0124326558   0.0008155995
       -0.0031852238   0.0311394255  -0.0006403346  -0.0029993773   0.0036137752
       -0.0000086514   0.0058090764  -0.0010771937  -0.0000687925  -0.0052520201
       -0.0021107367   0.0001317418  -0.0024410870   0.0026316412  -0.0000135151
        0.0000958313  -0.0006497303   0.0000086739  -0.0049368981  -0.0017704647
        0.0001222958   0.0006692020   0.0006608311  -0.0000128646  -0.0007345862
        0.0019441492  -0.0000522949
       -0.0401158448  -0.0275986427   0.0011117118  -0.0115760660   0.6164298434
       -0.0104029529  -0.0307549929  -0.2509431469   0.0044814347  -0.0363543708
       -0.0908059269   0.0011723720   0.0296368885  -0.0397971507   0.0006979288
        0.0819900632  -0.1792037215   0.0019501173  -0.0546257192  -0.0089659749
        0.0006414293   0.0109019566   0.0198279536  -0.0005198735  -0.0157131613
       -0.0115385778   0.0002590385   0.0350040169   0.0350236125  -0.0009516861
        0.0113251056  -0.0350419644   0.0005264805   0.0025806160  -0.0020071820
        0.0001592310   0.0192450412  -0.0237744934   0.0003768121  -0.0012296618
        0.0003338128   0.0000987207   0.0036619218  -0.0027731255   0.0002448126
       -0.0007170409   0.0001062423  -0.0000043198  -0.0027555415   0.0005223533
        0.0002101296   0.0004024760  -0.0003544730  -0.0000055601  -0.0009056866
        0.0005605617  -0.0000458265
        0.0011446783   0.0009388964   0.0047530601  -0.0038531851  -0.0104029529
        0.1306217736   0.0011203616   0.0044915054  -0.0550041288   0.0021746838
        0.0013806607  -0.0538519116  -0.0009506493   0.0008735789   0.0014156227
       -0.0007598581   0.0017862757  -0.0495399891   0.0010446756   0.0004430805
        0.0007741405   0.0001288082  -0.0008153460   0.0006114422   0.0004984676
        0.0004130777  -0.0037231504  -0.0001580666  -0.0006077438   0.0009054330
       -0.0002553378   0.0003552457  -0.0057072045  -0.0000059787   0.0001318279
        0.0052800212  -0.0004113467   0.0004982462   0.0008553833   0.0000985750
        0.0001331625   0.0060626061  -0.0000133643   0.0002500438   0.0085146228
        0.0000161385  -0.0000020965  -0.0002393177   0.0001707614   0.0001872840
        0.0092689471  -0.0000141842   0.0000001781  -0.0001539114   0.0000248209
       -0.0000549244  -0.0008434393
       -0.0072682420  -0.0014729796   0.0001231501  -0.1128331573  -0.0307549929
        0.0011203616   0.6569273331  -0.0132614290  -0.0031316728   0.0133612589
       -0.0339589951   0.0006702767  -0.1668539554   0.1200668374  -0.0019184038
        0.0404901062   0.0106646508  -0.0005020615  -0.2491334379  -0.0878204729
        0.0031514066  -0.0040233965   0.0309594522  -0.0007015312  -0.0721992936
       -0.0125403424   0.0007492489  -0.0250770523  -0.0349370433   0.0008608139
       -0.0603209248   0.0563331230  -0.0007643331   0.0041507532  -0.0026991326
        0.0000491468  -0.0033432116   0.0037792573  -0.0000157004  -0.0074953414
       -0.0055325172   0.0002021131   0.0005356604   0.0004270778  -0.0000249985
       -0.0052344674  -0.0016681489   0.0001159549   0.0001488984  -0.0008353018
        0.0000052561  -0.0022513146   0.0030567800   0.0000221440   0.0004197846
        0.0001941772  -0.0000111713
        0.0001200533  -0.0024265731   0.0001556609  -0.0336893410  -0.2509431469
        0.0044915054  -0.0132614290   0.6192641190  -0.0104607513  -0.0543911707
       -0.0048520526   0.0004457664   0.0869352303  -0.1881727171   0.0025178425
        0.0335450764  -0.0403437680   0.0006224075  -0.0549804081  -0.1036594144
        0.0014089785   0.0105453343  -0.0338531633   0.0006009783   0.0353762854
        0.0344183627  -0.0009855563  -0.0169355426  -0.0129668071   0.0002650563
        0.0105401888   0.0246982754  -0.0005678466   0.0193078896  -0.0243929468
        0.0004020079   0.0026294435  -0.0015462209   0.0001328883  -0.0275235361
       -0.0129035498   0.0005030227   0.0005996601  -0.0003923619   0.0000241523
       -0.0024504152   0.0005652574   0.0002045186  -0.0006159761   0.0001821694
       -0.0000019476   0.0039050181  -0.0022048330   0.0002273274   0.0003436392
       -0.0004706289   0.0000139889
        0.0001056389   0.0002433999   0.0050741349   0.0009997570   0.0044814347
       -0.0550041288  -0.0031316728  -0.0104607513   0.1353054375   0.0012049849
        0.0002792311  -0.0010861467  -0.0011229908   0.0022636145  -0.0509067232
       -0.0009105271   0.0007617186   0.0005512185   0.0025195094   0.0016666871
       -0.0518152046  -0.0002549475   0.0004913715  -0.0047061369  -0.0003700712
       -0.0006971813   0.0010672381   0.0004580217   0.0003475838  -0.0058678040
        0.0001831235  -0.0008411169   0.0009386502  -0.0004472348   0.0005611382
        0.0003561707   0.0000164153   0.0001170083   0.0059492756   0.0006333945
        0.0003355711   0.0013224811  -0.0000191496   0.0000039843  -0.0001932349
        0.0001362459   0.0002100912   0.0093829965   0.0000096878  -0.0000016838
       -0.0002165457  -0.0000066091   0.0002242369   0.0096469877  -0.0000035762
        0.0000136621   0.0002013340
       -0.1032900250  -0.0823840003   0.0025831414  -0.2260159898  -0.0363543708
        0.0021746838   0.0133612589  -0.0543911707   0.0012049849   0.6363908728
       -0.0468061661  -0.0026170611  -0.0518764602   0.0099409709   0.0001004402
       -0.0671814037   0.0138245922   0.0001791949  -0.0136123511   0.0017331162
        0.0001017435  -0.2382601819   0.0934321770  -0.0010377854   0.0461107550
        0.0564404458  -0.0016516432   0.0162001469   0.0206095913  -0.0004920008
        0.0027814741  -0.0184958899   0.0003455082  -0.0005784077   0.0002238119
       -0.0000163572   0.0002096293  -0.0024046772   0.0000507199  -0.0000272619
        0.0003954580  -0.0000111674  -0.0276766352   0.0196865199  -0.0002251697
        0.0006953059  -0.0021024362   0.0001028114  -0.0007221319  -0.0003043656
        0.0000222631   0.0003045575  -0.0000937529  -0.0000106920   0.0131868478
        0.0270501464  -0.0008036147
       -0.0519455856  -0.2637153311   0.0063451434  -0.0696574291  -0.0908059269
        0.0013806607  -0.0339589951  -0.0048520526   0.0002792311  -0.0468061661
        0.6521619301  -0.0126868426   0.0184026984   0.0016746630  -0.0002098099
        0.0177899349   0.0100473665  -0.0003108004   0.0019765667  -0.0069085092
        0.0002975233   0.1628608172  -0.1984069867   0.0025191907   0.0034612986
       -0.0590547668   0.0012605482   0.0020395327  -0.0065952030   0.0002500044
       -0.0017122799   0.0027355753  -0.0000612239   0.0002362837   0.0003993788
        0.0000021847  -0.0008586315  -0.0039605766   0.0000495649  -0.0013580520
       -0.0008032899   0.0000231746  -0.0059205557   0.0061500431  -0.0000872718
       -0.0012980496  -0.0049708950   0.0002827800   0.0015600750  -0.0000643235
        0.0000013823   0.0002357924  -0.0002259494  -0.0000267824   0.0049527451
       -0.0328051464   0.0006913427
        0.0017492647   0.0064011854  -0.0348966137   0.0030401836   0.0011723720
       -0.0538519116   0.0006702767   0.0004457664  -0.0010861467  -0.0026170611
       -0.0126868426   0.1282743873  -0.0000916612  -0.0002105408  -0.0035725887
        0.0001294901  -0.0003374232  -0.0005639493   0.0000882562   0.0002679244
        0.0063647956  -0.0026409058   0.0030299621  -0.0473517150  -0.0004306313
        0.0009202518  -0.0033901356  -0.0001056058   0.0001223786   0.0059788301
        0.0000057520   0.0000724922  -0.0001127258   0.0000014705   0.0000059891
        0.0007018006   0.0000070612   0.0000876179  -0.0018325604   0.0000291621
        0.0000090358  -0.0004227488   0.0003446971  -0.0002380517   0.0017730034
        0.0000636342   0.0002916319   0.0068256151  -0.0000261143   0.0000120151
        0.0004615159  -0.0000167689  -0.0000251797  -0.0014806686  -0.0002005001
        0.0006594154  -0.0018181837
        0.0011937984  -0.0031385628   0.0000599976   0.0388741476   0.0296368885
       -0.0009506493  -0.1668539554   0.0869352303  -0.0011229908  -0.0518764602
        0.0184026984  -0.0000916612   0.6825965455   0.0442977179  -0.0043634313
       -0.0124223976   0.0013223559   0.0000865683  -0.0684049483   0.0221606565
       -0.0000473344  -0.0018309074  -0.0870099426   0.0019819648  -0.3536648290
       -0.0433156105   0.0026758450   0.0094705522   0.0149267146  -0.0003777233
        0.0038677269  -0.0243475899   0.0005047382  -0.0569477628  -0.0568156160
        0.0013564866   0.0002657136  -0.0003535768   0.0000078051   0.0008493795
        0.0016552970  -0.0000561663   0.0010962176  -0.0011599456   0.0000813066
       -0.0252913129  -0.0042803785   0.0002614342   0.0001858726   0.0000398397
       -0.0000050904  -0.0011296317   0.0008110304  -0.0000028223   0.0000222513
        0.0002327934   0.0000017228
       -0.0005890461  -0.0013055506   0.0000304908   0.0092543105  -0.0397971507
        0.0008735789   0.1200668374  -0.1881727171   0.0022636145   0.0099409709
        0.0016746630  -0.0002105408   0.0442977179   0.6444076790  -0.0119860322
        0.0021119751  -0.0061463777   0.0002466934   0.0135147956   0.0050966915
       -0.0001791488  -0.0337615554  -0.0150627922   0.0005891614  -0.1157435779
       -0.1170171995   0.0023352541  -0.0033678225  -0.0054217503   0.0001352842
       -0.0058341600   0.0082483710   0.0000047411  -0.0556476548  -0.2865322893
        0.0059116175   0.0010380385  -0.0009247745   0.0000025374  -0.0021554257
        0.0010003142  -0.0000499104  -0.0016625946  -0.0055854049   0.0002783832
        0.0196917991   0.0048903671  -0.0002090920  -0.0001960676   0.0000687227
       -0.0000364143  -0.0006845302   0.0003102455   0.0000009186  -0.0002740104
        0.0002689528  -0.0000011365
       -0.0000020772   0.0000274722  -0.0000277727  -0.0004486974   0.0006979288
        0.0014156227  -0.0019184038   0.0025178425  -0.0509067232   0.0001004402
       -0.0002098099  -0.0035725887  -0.0043634313  -0.0119860322   0.1097263493
        0.0000812746   0.0002465204   0.0059977599   0.0001388479  -0.0002447773
        0.0008929623   0.0007738776   0.0009422210   0.0015588955   0.0043115436
        0.0018580551  -0.0426303841   0.0000210040   0.0000286812  -0.0001069361
        0.0001425074   0.0000936852   0.0058178045   0.0013577937   0.0059173195
       -0.0316664260  -0.0000282283   0.0000200581  -0.0001774582   0.0000299777
       -0.0000686054  -0.0019019640   0.0000716728   0.0002788919   0.0061028921
       -0.0002927856  -0.0000705279   0.0007472388  -0.0000077016  -0.0000311095
       -0.0014160201   0.0000254788  -0.0000092065   0.0001804358   0.0000069068
       -0.0000086073  -0.0000336878
        0.0005019152   0.0043032826  -0.0001143160  -0.1687831418   0.0819900632
       -0.0007598581   0.0404901062   0.0335450764  -0.0009105271  -0.0671814037
        0.0177899349   0.0001294901  -0.0124223976   0.0021119751   0.0000812746
        0.6738832101   0.0359874854  -0.0049600246  -0.0511838255   0.0153641993
        0.0000277293   0.0021267933  -0.0225021751   0.0005406922   0.0097161862
        0.0131597071  -0.0003787830  -0.3504303380  -0.0455656726   0.0032311266
       -0.0001017017  -0.0872607342   0.0017812992   0.0001701057  -0.0006789514
        0.0000128466  -0.0500720207  -0.0429132211   0.0009701221  -0.0005337426
        0.0002003053  -0.0000223988  -0.0009086579   0.0009633991  -0.0000097343
        0.0002057739  -0.0000396184  -0.0000090873  -0.0263803643  -0.0049404012
        0.0003293080   0.0007341536  -0.0013131471   0.0000562091   0.0001693495
       -0.0002015073   0.0000046313
       -0.0003918110  -0.0037782485   0.0000879309   0.1134396792  -0.1792037215
        0.0017862757   0.0106646508  -0.0403437680   0.0007617186   0.0138245922
        0.0100473665  -0.0003374232   0.0013223559  -0.0061463777   0.0002465204
        0.0359874854   0.6294785121  -0.0104041420   0.0078635745   0.0006854146
       -0.0001578761  -0.0046776282   0.0061985096   0.0000081875  -0.0029273563
       -0.0040459988   0.0001203474  -0.1183179950  -0.1175383630   0.0023811849
       -0.0323886382  -0.0154407975   0.0005707438   0.0009930210  -0.0009616407
        0.0000172898  -0.0373577794  -0.2807755625   0.0049496756   0.0004126358
        0.0008952271  -0.0000119843  -0.0007194779   0.0003202504  -0.0000153150
       -0.0001761292   0.0000536080  -0.0000299548   0.0192810663   0.0047202966
       -0.0002390103  -0.0016881238  -0.0056358590   0.0002499231  -0.0051441222
        0.0014711523   0.0000159083
        0.0000137780  -0.0000102605  -0.0000128805  -0.0012944353   0.0019501173
       -0.0495399891  -0.0005020615   0.0006224075   0.0005512185   0.0001791949
       -0.0003108004  -0.0005639493   0.0000865683   0.0002466934   0.0059977599
       -0.0049600246  -0.0104041420   0.1131609561   0.0001682595  -0.0001994077
       -0.0036556011   0.0001300042   0.0001375130   0.0052964517   0.0000018191
        0.0000118954  -0.0001802914   0.0047258433   0.0018559444  -0.0432774878
        0.0006567349   0.0009527255   0.0009523109  -0.0000224519   0.0000264964
        0.0000468290   0.0008379328   0.0050667871  -0.0323142421  -0.0000059315
       -0.0000210635  -0.0000662346   0.0000242408  -0.0000173595  -0.0000493127
       -0.0000054474  -0.0000329141  -0.0013394024  -0.0001792911  -0.0000497485
        0.0003073725   0.0000656377   0.0002413967   0.0061216043   0.0000796297
       -0.0000662805  -0.0014351118
        0.0004235268  -0.0006507540   0.0000159686   0.0105491398  -0.0546257192
        0.0010446756  -0.2491334379  -0.0549804081   0.0025195094  -0.0136123511
        0.0019765667   0.0000882562  -0.0684049483   0.0135147956   0.0001388479
       -0.0511838255   0.0078635745   0.0001682595   0.6429698753  -0.0477300272
       -0.0025328871   0.0030673179  -0.0180870631   0.0003838208   0.0157667875
        0.0208400017  -0.0005401267   0.0429134645   0.0610682130  -0.0015688741
       -0.2522910107   0.1069663729  -0.0008109726   0.0010479880  -0.0017531350
        0.0000247450  -0.0004488295   0.0003433144   0.0000096323  -0.0553505381
       -0.0518604189   0.0011828747   0.0002550617  -0.0000979466  -0.0000001232
       -0.0009259530  -0.0002443106   0.0000127355   0.0007835090  -0.0017327308
        0.0000845313  -0.0261802479   0.0190227073  -0.0002218489  -0.0002455284
        0.0001669676   0.0000009759
       -0.0016423723   0.0000689996   0.0000217967  -0.0331547768  -0.0089659749
        0.0004430805  -0.0878204729  -0.1036594144   0.0016666871   0.0017331162
       -0.0069085092   0.0002679244   0.0221606565   0.0050966915  -0.0002447773
        0.0153641993   0.0006854146  -0.0001994077  -0.0477300272   0.6830208826
       -0.0115353742  -0.0005847376   0.0023768027  -0.0000537283   0.0016089287
       -0.0047810544   0.0002210722   0.0070425553  -0.0582839820   0.0011742422
        0.1787484324  -0.2227472522   0.0025282501   0.0021195927   0.0006558754
       -0.0000617660   0.0002197892   0.0008487344  -0.0000203314  -0.0530892145
       -0.2867950864   0.0056449886   0.0000550982  -0.0000183521  -0.0000306198
        0.0012260694   0.0000947499  -0.0000053920  -0.0012220120  -0.0059403863
        0.0002412551  -0.0051502211   0.0052563474  -0.0000546053   0.0001153963
       -0.0000044861  -0.0000032951
        0.0000206773  -0.0000297240  -0.0002551650   0.0006350354   0.0006414293
        0.0007741405   0.0031514066   0.0014089785  -0.0518152046   0.0001017435
        0.0002975233   0.0063647956  -0.0000473344  -0.0001791488   0.0008929623
        0.0000277293  -0.0001578761  -0.0036556011  -0.0025328871  -0.0115353742
        0.1147465958  -0.0000019730   0.0000563777  -0.0000612138  -0.0000889942
        0.0001015932   0.0055513240  -0.0004438740   0.0007872940   0.0011745263
       -0.0023199666   0.0030521328  -0.0434568447  -0.0000623041  -0.0000393169
       -0.0017969504  -0.0000017910  -0.0000222753  -0.0001327723   0.0012433651
        0.0056223276  -0.0338967984  -0.0000116396  -0.0000322817  -0.0013066534
       -0.0000202101   0.0000026554   0.0001450775   0.0000664726   0.0002496726
        0.0061281941   0.0002866808  -0.0002238902   0.0006104983  -0.0000021366
       -0.0000000971  -0.0000109108
        0.0089120789   0.0024562805  -0.0000654736  -0.0522266166   0.0109019566
        0.0001288082  -0.0040233965   0.0105453343  -0.0002549475  -0.2382601819
        0.1628608172  -0.0026409058  -0.0018309074  -0.0337615554   0.0007738776
        0.0021267933  -0.0046776282   0.0001300042   0.0030673179  -0.0005847376
       -0.0000019730   0.6742603797  -0.0049168277  -0.0036464865  -0.1026903836
       -0.0849137499   0.0023658035  -0.0047949623  -0.0035518462   0.0001156265
       -0.0006676377   0.0045533418  -0.0000822492  -0.0051395084  -0.0023736876
        0.0001305893   0.0002573377  -0.0004980773   0.0000007661   0.0001919323
        0.0001074624  -0.0000036872  -0.2829215599  -0.0752080933   0.0035007323
        0.0035702074   0.0212581514  -0.0004964344  -0.0003809032  -0.0001364806
       -0.0000046792   0.0001473211  -0.0000229665  -0.0000013402   0.0004026893
       -0.0020376938   0.0000519687
        0.0280822156  -0.0548570935   0.0012767368   0.0506272558   0.0198279536
       -0.0008153460   0.0309594522  -0.0338531633   0.0004913715   0.0934321770
       -0.1984069867   0.0030299621  -0.0870099426  -0.0150627922   0.0009422210
       -0.0225021751   0.0061985096   0.0001375130  -0.0180870631   0.0023768027
        0.0000563777  -0.0049168277   0.6668793403  -0.0132367129  -0.0091314628
       -0.2958667715   0.0058465251   0.0122869994   0.0139316283  -0.0003796129
        0.0051464247  -0.0165978026   0.0003152771  -0.0016318557   0.0006901537
        0.0001808145  -0.0000752345   0.0004825658  -0.0000081499   0.0000760933
        0.0002219717  -0.0000060684  -0.0738083311  -0.0669270580   0.0014026045
       -0.0021552890  -0.0229647948   0.0005701918  -0.0001363670   0.0001275493
       -0.0000152100   0.0000086174  -0.0000473393   0.0000051052  -0.0011646870
       -0.0061526730   0.0002063997
       -0.0007157910   0.0014933724   0.0048102969  -0.0007637653  -0.0005198735
        0.0006114422  -0.0007015312   0.0006009783  -0.0047061369  -0.0010377854
        0.0025191907  -0.0473517150   0.0019819648   0.0005891614   0.0015588955
        0.0005406922   0.0000081875   0.0052964517   0.0003838208  -0.0000537283
       -0.0000612138  -0.0036464865  -0.0132367129   0.1057852742   0.0006568948
        0.0064302200  -0.0436623885  -0.0002358233  -0.0002915939   0.0001350731
       -0.0001073210   0.0003581843   0.0005548746   0.0001127206   0.0001813903
        0.0084553507  -0.0000038248  -0.0000128088  -0.0002295618  -0.0000031866
       -0.0000091518  -0.0001271132   0.0034699449   0.0013419474  -0.0326163191
        0.0000315381   0.0004123390   0.0009637176  -0.0000008957  -0.0000185668
       -0.0008569500  -0.0000014094   0.0000006790   0.0000378917   0.0000402438
        0.0002067859   0.0014021299
       -0.0050386748   0.0050589846  -0.0000465653  -0.0245642771  -0.0157131613
        0.0004984676  -0.0721992936   0.0353762854  -0.0003700712   0.0461107550
        0.0034612986  -0.0004306313  -0.3536648290  -0.1157435779   0.0043115436
        0.0097161862  -0.0029273563   0.0000018191   0.0157667875   0.0016089287
       -0.0000889942  -0.1026903836  -0.0091314628   0.0006568948   0.7013980838
       -0.0027879486  -0.0033147245  -0.0070894594  -0.0096977608   0.0002558412
       -0.0058797026   0.0133503080  -0.0002313645  -0.0086611245  -0.0046849497
        0.0001691786   0.0001736985  -0.0003926206   0.0000023477   0.0002864164
        0.0000886324  -0.0000026729  -0.0084422029  -0.0274144029   0.0006807622
       -0.1852949535   0.1280396529  -0.0020469068   0.0000847287  -0.0000782552
       -0.0000020394  -0.0001637216   0.0002672626  -0.0000112048   0.0001519665
        0.0013201429  -0.0000316799
        0.0022472477   0.0025620223   0.0000700454  -0.0307683965  -0.0115385778
        0.0004130777  -0.0125403424   0.0344183627  -0.0006971813   0.0564404458
       -0.0590547668   0.0009202518  -0.0433156105  -0.1170171995   0.0018580551
        0.0131597071  -0.0040459988   0.0000118954   0.0208400017  -0.0047810544
        0.0001015932  -0.0849137499  -0.2958667715   0.0064302200  -0.0027879486
        0.6359530345  -0.0119460339  -0.0087561038  -0.0102577231   0.0002895731
       -0.0042403253   0.0139790094  -0.0002488876  -0.0291186601  -0.0121137957
        0.0004438498  -0.0001047819  -0.0001930968  -0.0000019978   0.0000268948
       -0.0003101777   0.0000012825  -0.0044124928  -0.0097299521   0.0002097282
        0.1279614100  -0.1602298393   0.0021002569  -0.0001462395  -0.0000347758
       -0.0000022188   0.0002522206  -0.0000976239  -0.0000220582   0.0001767239
       -0.0016410757   0.0000685484
        0.0000328224   0.0001068399   0.0064286395   0.0008603723   0.0002590385
       -0.0037231504   0.0007492489  -0.0009855563   0.0010672381  -0.0016516432
        0.0012605482  -0.0033901356   0.0026758450   0.0023352541  -0.0426303841
       -0.0003787830   0.0001203474  -0.0001802914  -0.0005401267   0.0002210722
        0.0055513240   0.0023658035   0.0058465251  -0.0436623885  -0.0033147245
       -0.0119460339   0.1140367708   0.0002525466   0.0003111217   0.0004577316
        0.0001379079  -0.0004080184   0.0004195734   0.0006908413   0.0002924767
       -0.0001405246  -0.0000002019   0.0000016160  -0.0002219696  -0.0000032282
        0.0000053029  -0.0000742501   0.0001619718   0.0004232711   0.0001434376
       -0.0020364045   0.0021014226  -0.0348488676   0.0000045487   0.0000010560
       -0.0000133671  -0.0000105275  -0.0000150640  -0.0008646299   0.0000037311
        0.0000687804   0.0016452441
       -0.0000440140   0.0000329897  -0.0000109009  -0.0719054074   0.0350040169
       -0.0001580666  -0.0250770523  -0.0169355426   0.0004580217   0.0162001469
        0.0020395327  -0.0001056058   0.0094705522  -0.0033678225   0.0000210040
       -0.3504303380  -0.1183179950   0.0047258433   0.0429134645   0.0070425553
       -0.0004438740  -0.0047949623   0.0122869994  -0.0002358233  -0.0070894594
       -0.0087561038   0.0002525466   0.6985886181  -0.0034840132  -0.0043826887
       -0.1020010214  -0.0036883801   0.0004430837   0.0001752680  -0.0000771925
       -0.0000004286  -0.0086597874  -0.0051600549   0.0001662377  -0.0026008379
        0.0039931111   0.0000016322  -0.0002347981   0.0002504897  -0.0000153972
        0.0000728372  -0.0000470669  -0.0000019046  -0.1854960033   0.1276749460
       -0.0013677187  -0.0087482672  -0.0281688288   0.0006459527  -0.0003389383
       -0.0003216404   0.0000080866
       -0.0017578200   0.0012213772  -0.0000167524  -0.0124326558   0.0350236125
       -0.0006077438  -0.0349370433  -0.0129668071   0.0003475838   0.0206095913
       -0.0065952030   0.0001223786   0.0149267146  -0.0054217503   0.0000286812
       -0.0455656726  -0.1175383630   0.0018559444   0.0610682130  -0.0582839820
        0.0007872940  -0.0035518462   0.0139316283  -0.0002915939  -0.0096977608
       -0.0102577231   0.0003111217  -0.0034840132   0.6312745230  -0.0102595165
       -0.0815814692  -0.2847817357   0.0052817628   0.0000105624   0.0003561017
       -0.0000139513  -0.0305999745  -0.0145509585   0.0005397245   0.0031842186
       -0.0019746982   0.0002251883   0.0001598265  -0.0000819616  -0.0000190887
       -0.0001783780   0.0000104899   0.0000007382   0.1271109651  -0.1588324755
        0.0014612834  -0.0042958913  -0.0104144148   0.0002661812   0.0010124334
       -0.0001176599  -0.0000192356
        0.0000374743  -0.0000358113  -0.0001148829   0.0008155995  -0.0009516861
        0.0009054330   0.0008608139   0.0002650563  -0.0058678040  -0.0004920008
        0.0002500044   0.0059788301  -0.0003777233   0.0001352842  -0.0001069361
        0.0032311266   0.0023811849  -0.0432774878  -0.0015688741   0.0011742422
        0.0011745263   0.0001156265  -0.0003796129   0.0001350731   0.0002558412
        0.0002895731   0.0004577316  -0.0043826887  -0.0102595165   0.1131404730
        0.0020327779   0.0046919634  -0.0490325198  -0.0000028500  -0.0000112074
       -0.0002088070   0.0006799673   0.0003491678   0.0010253498   0.0000147743
        0.0002094917   0.0093818238  -0.0000056682  -0.0000200795  -0.0008159492
        0.0000034583   0.0000009736   0.0000382824  -0.0013479996   0.0014817885
       -0.0337728446   0.0001559333   0.0004243224   0.0010476237  -0.0000255885
        0.0000048612  -0.0000879154
        0.0001333220   0.0013272272  -0.0000281598  -0.0031852238   0.0113251056
       -0.0002553378  -0.0603209248   0.0105401888   0.0001831235   0.0027814741
       -0.0017122799   0.0000057520   0.0038677269  -0.0058341600   0.0001425074
       -0.0001017017  -0.0323886382   0.0006567349  -0.2522910107   0.1787484324
       -0.0023199666  -0.0006676377   0.0051464247  -0.0001073210  -0.0058797026
       -0.0042403253   0.0001379079  -0.1020010214  -0.0815814692   0.0020327779
        0.6939537871  -0.0243464703  -0.0033035318   0.0001653380  -0.0002911894
        0.0000054449  -0.0053106305  -0.0028569095   0.0001720231   0.0037380960
       -0.0027581070   0.0000599329   0.0001241060   0.0000075384  -0.0000020147
       -0.0003657940  -0.0001284123  -0.0000028349   0.0033635626   0.0217906388
       -0.0004551435  -0.2781391026  -0.0726238589   0.0030789625   0.0001353373
       -0.0001237358  -0.0000008570
        0.0008413405  -0.0006056483  -0.0000058256   0.0311394255  -0.0350419644
        0.0003552457   0.0563331230   0.0246982754  -0.0008411169  -0.0184958899
        0.0027355753   0.0000724922  -0.0243475899   0.0082483710   0.0000936852
       -0.0872607342  -0.0154407975   0.0009527255   0.1069663729  -0.2227472522
        0.0030521328   0.0045533418  -0.0165978026   0.0003581843   0.0133503080
        0.0139790094  -0.0004080184  -0.0036883801  -0.2847817357   0.0046919634
       -0.0243464703   0.6384452591  -0.0105089830  -0.0003215814  -0.0001350192
        0.0000031924  -0.0016240165   0.0006468083   0.0001989543   0.0217271204
       -0.0246424369   0.0003543593   0.0001521153  -0.0000680171   0.0000105909
       -0.0000309098   0.0000832286  -0.0000179572  -0.0020127336  -0.0224659682
        0.0005134085  -0.0724966073  -0.0664530647   0.0011184470  -0.0004382341
        0.0001431795   0.0000065196
       -0.0000202964   0.0000096288  -0.0003842251  -0.0006403346   0.0005264805
       -0.0057072045  -0.0007643331  -0.0005678466   0.0009386502   0.0003455082
       -0.0000612239  -0.0001127258   0.0005047382   0.0000047411   0.0058178045
        0.0017812992   0.0005707438   0.0009523109  -0.0008109726   0.0025282501
       -0.0434568447  -0.0000822492   0.0003152771   0.0005548746  -0.0002313645
       -0.0002488876   0.0004195734   0.0004430837   0.0052817628  -0.0490325198
       -0.0033035318  -0.0105089830   0.1140191660   0.0000055865   0.0000016369
       -0.0001079595   0.0001426858   0.0001858570   0.0093434420  -0.0004753410
        0.0005519358   0.0008198308  -0.0000043396   0.0000016640  -0.0000032835
       -0.0000017472  -0.0000203036  -0.0009047821   0.0000206037   0.0003022951
        0.0011166063   0.0030773803   0.0011278595  -0.0344103341   0.0000136242
       -0.0000008879   0.0001376203
        0.0000539384   0.0000763556  -0.0000104661  -0.0029993773   0.0025806160
       -0.0000059787   0.0041507532   0.0193078896  -0.0004472348  -0.0005784077
        0.0002362837   0.0000014705  -0.0569477628  -0.0556476548   0.0013577937
        0.0001701057   0.0009930210  -0.0000224519   0.0010479880   0.0021195927
       -0.0000623041  -0.0051395084  -0.0016318557   0.0001127206  -0.0086611245
       -0.0291186601   0.0006908413   0.0001752680   0.0000105624  -0.0000028500
        0.0001653380  -0.0003215814   0.0000055865   0.0691088441   0.0636944160
       -0.0016647247  -0.0002273811   0.0002426916  -0.0000005912  -0.0008060747
       -0.0001997132   0.0000098006  -0.0003740284  -0.0013965498   0.0000398237
        0.0008046470  -0.0008192665  -0.0000045327   0.0000063105  -0.0000548722
        0.0000012770   0.0000159850  -0.0000190832   0.0000014096   0.0000344871
       -0.0000521917   0.0000004106
        0.0000607048   0.0004294890  -0.0000452683   0.0036137752  -0.0020071820
        0.0001318279  -0.0026991326  -0.0243929468   0.0005611382   0.0002238119
        0.0003993788   0.0000059891  -0.0568156160  -0.2865322893   0.0059173195
       -0.0006789514  -0.0009616407   0.0000264964  -0.0017531350   0.0006558754
       -0.0000393169  -0.0023736876   0.0006901537   0.0001813903  -0.0046849497
       -0.0121137957   0.0002924767  -0.0000771925   0.0003561017  -0.0000112074
       -0.0002911894  -0.0001350192   0.0000016369   0.0636944160   0.3225385980
       -0.0069374367   0.0002778659  -0.0002887618   0.0000114766   0.0008771646
        0.0005953216  -0.0000161871  -0.0000444508  -0.0005479210   0.0000198126
        0.0006203837   0.0010126092  -0.0000923975   0.0000392706   0.0000644843
       -0.0000016890  -0.0000468181   0.0001226677   0.0000023796   0.0000577304
        0.0001148770  -0.0000084411
       -0.0000094839  -0.0000380262  -0.0015931987  -0.0000086514   0.0001592310
        0.0052800212   0.0000491468   0.0004020079   0.0003561707  -0.0000163572
        0.0000021847   0.0007018006   0.0013564866   0.0059116175  -0.0316664260
        0.0000128466   0.0000172898   0.0000468290   0.0000247450  -0.0000617660
       -0.0017969504   0.0001305893   0.0001808145   0.0084553507   0.0001691786
        0.0004438498  -0.0001405246  -0.0000004286  -0.0000139513  -0.0002088070
        0.0000054449   0.0000031924  -0.0001079595  -0.0016647247  -0.0069374367
        0.0229781918  -0.0000020717   0.0000118597   0.0003627872  -0.0000139192
       -0.0000106725   0.0001158951   0.0000039797   0.0000218827   0.0002498418
       -0.0000344739  -0.0000871202  -0.0030657599  -0.0000008723  -0.0000008327
        0.0000106665   0.0000014168   0.0000018282   0.0001967671  -0.0000028514
       -0.0000059527  -0.0001746957
       -0.0035676012   0.0024330321  -0.0000323086   0.0058090764   0.0192450412
       -0.0004113467  -0.0033432116   0.0026294435   0.0000164153   0.0002096293
       -0.0008586315   0.0000070612   0.0002657136   0.0010380385  -0.0000282283
       -0.0500720207  -0.0373577794   0.0008379328  -0.0004488295   0.0002197892
       -0.0000017910   0.0002573377  -0.0000752345  -0.0000038248   0.0001736985
       -0.0001047819  -0.0000002019  -0.0086597874  -0.0305999745   0.0006799673
       -0.0053106305  -0.0016240165   0.0001426858  -0.0002273811   0.0002778659
       -0.0000020717   0.0667118343   0.0494829614  -0.0013370965   0.0000049370
       -0.0000226202  -0.0000160068   0.0000400016  -0.0000163798   0.0000023250
       -0.0000065240  -0.0000365281   0.0000024418   0.0007634343  -0.0009771767
       -0.0000133953  -0.0004643310  -0.0015134073   0.0000330335  -0.0021353456
       -0.0021396414   0.0001244091
       -0.0015912608   0.0047878403  -0.0000964639  -0.0010771937  -0.0237744934
        0.0004982462   0.0037792573  -0.0015462209   0.0001170083  -0.0024046772
       -0.0039605766   0.0000876179  -0.0003535768  -0.0009247745   0.0000200581
       -0.0429132211  -0.2807755625   0.0050667871   0.0003433144   0.0008487344
       -0.0000222753  -0.0004980773   0.0004825658  -0.0000128088  -0.0003926206
       -0.0001930968   0.0000016160  -0.0051600549  -0.0145509585   0.0003491678
       -0.0028569095   0.0006468083   0.0001858570   0.0002426916  -0.0002887618
        0.0000118597   0.0494829614   0.3178218897  -0.0060601680   0.0000238556
        0.0000642359  -0.0000410221  -0.0000228792   0.0000986303   0.0000014299
        0.0000514297   0.0000494587  -0.0000013587   0.0007029582   0.0012491309
       -0.0000908564  -0.0001557390  -0.0007453595   0.0000144450   0.0027997418
        0.0007105100  -0.0000291398
        0.0000839011  -0.0001168382   0.0000671406  -0.0000687925   0.0003768121
        0.0008553833  -0.0000157004   0.0001328883   0.0059492756   0.0000507199
        0.0000495649  -0.0018325604   0.0000078051   0.0000025374  -0.0001774582
        0.0009701221   0.0049496756  -0.0323142421   0.0000096323  -0.0000203314
       -0.0001327723   0.0000007661  -0.0000081499  -0.0002295618   0.0000023477
       -0.0000019978  -0.0002219696   0.0001662377   0.0005397245   0.0010253498
        0.0001720231   0.0001989543   0.0093434420  -0.0000005912   0.0000114766
        0.0003627872  -0.0013370965  -0.0060601680   0.0211802369  -0.0000124633
       -0.0000434051  -0.0019998046  -0.0000000913   0.0000030255   0.0001757445
       -0.0000010215   0.0000006963   0.0000419276  -0.0000455620  -0.0000818083
       -0.0033016521   0.0000074958   0.0000284198  -0.0000318785   0.0000102680
        0.0000389236   0.0012406120
       -0.0005247922  -0.0001759151   0.0000121009  -0.0052520201  -0.0012296618
        0.0000985750  -0.0074953414  -0.0275235361   0.0006333945  -0.0000272619
       -0.0013580520   0.0000291621   0.0008493795  -0.0021554257   0.0000299777
       -0.0005337426   0.0004126358  -0.0000059315  -0.0553505381  -0.0530892145
        0.0012433651   0.0001919323   0.0000760933  -0.0000031866   0.0002864164
        0.0000268948  -0.0000032282  -0.0026008379   0.0031842186   0.0000147743
        0.0037380960   0.0217271204  -0.0004753410  -0.0008060747   0.0008771646
       -0.0000139192   0.0000049370   0.0000238556  -0.0000124633   0.0663417800
        0.0569773876  -0.0014735394   0.0000167746   0.0000737434  -0.0000022679
        0.0000628908   0.0000552688  -0.0000005288   0.0001275646   0.0011244551
       -0.0000223366   0.0009317576   0.0009019375  -0.0000453716   0.0000390801
        0.0000710299  -0.0000032355
       -0.0003119518   0.0000602800   0.0000088330  -0.0021107367   0.0003338128
        0.0001331625  -0.0055325172  -0.0129035498   0.0003355711   0.0003954580
       -0.0008032899   0.0000090358   0.0016552970   0.0010003142  -0.0000686054
        0.0002003053   0.0008952271  -0.0000210635  -0.0518604189  -0.2867950864
        0.0056223276   0.0001074624   0.0002219717  -0.0000091518   0.0000886324
       -0.0003101777   0.0000053029   0.0039931111  -0.0019746982   0.0002094917
       -0.0027581070  -0.0246424369   0.0005519358  -0.0001997132   0.0005953216
       -0.0000106725  -0.0000226202   0.0000642359  -0.0000434051   0.0569773876
        0.3242620841  -0.0066571826  -0.0000082438   0.0000491313  -0.0000011690
        0.0000819902   0.0000681123   0.0000020436  -0.0002521744  -0.0011740881
        0.0000227289  -0.0005630306   0.0009488743  -0.0000832656   0.0001198697
        0.0001039616  -0.0000059174
        0.0000135477   0.0000049687   0.0004425182   0.0001317418   0.0000987207
        0.0060626061   0.0002021131   0.0005030227   0.0013224811  -0.0000111674
        0.0000231746  -0.0004227488  -0.0000561663  -0.0000499104  -0.0019019640
       -0.0000223988  -0.0000119843  -0.0000662346   0.0011828747   0.0056449886
       -0.0338967984  -0.0000036872  -0.0000060684  -0.0001271132  -0.0000026729
        0.0000012825  -0.0000742501   0.0000016322   0.0002251883   0.0093818238
        0.0000599329   0.0003543593   0.0008198308   0.0000098006  -0.0000161871
        0.0001158951  -0.0000160068  -0.0000410221  -0.0019998046  -0.0014735394
       -0.0066571826   0.0235216652   0.0000004230  -0.0000014111   0.0000097678
       -0.0000008588   0.0000019857   0.0001727927   0.0000050292   0.0000208651
       -0.0000366955  -0.0000154156  -0.0000908576  -0.0032482713  -0.0000051820
       -0.0000039325  -0.0000755003
        0.0016884061  -0.0008183704  -0.0000201050  -0.0024410870   0.0036619218
       -0.0000133643   0.0005356604   0.0005996601  -0.0000191496  -0.0276766352
       -0.0059205557   0.0003446971   0.0010962176  -0.0016625946   0.0000716728
       -0.0009086579  -0.0007194779   0.0000242408   0.0002550617   0.0000550982
       -0.0000116396  -0.2829215599  -0.0738083311   0.0034699449  -0.0084422029
       -0.0044124928   0.0001619718  -0.0002347981   0.0001598265  -0.0000056682
        0.0001241060   0.0001521153  -0.0000043396  -0.0003740284  -0.0000444508
        0.0000039797   0.0000400016  -0.0000228792  -0.0000000913   0.0000167746
       -0.0000082438   0.0000004230   0.3178152517   0.0827571738  -0.0039872019
        0.0009960448   0.0007670827  -0.0000378952  -0.0001450248   0.0000010904
        0.0000012208  -0.0000358617  -0.0000037564   0.0000022973   0.0006123314
       -0.0007328161   0.0000190063
       -0.0005888465   0.0015189800  -0.0001212334   0.0026316412  -0.0027731255
        0.0002500438   0.0004270778  -0.0003923619   0.0000039843   0.0196865199
        0.0061500431  -0.0002380517  -0.0011599456  -0.0055854049   0.0002788919
        0.0009633991   0.0003202504  -0.0000173595  -0.0000979466  -0.0000183521
       -0.0000322817  -0.0752080933  -0.0669270580   0.0013419474  -0.0274144029
       -0.0097299521   0.0004232711   0.0002504897  -0.0000819616  -0.0000200795
        0.0000075384  -0.0000680171   0.0000016640  -0.0013965498  -0.0005479210
        0.0000218827  -0.0000163798   0.0000986303   0.0000030255   0.0000737434
        0.0000491313  -0.0000014111   0.0827571738   0.0769943004  -0.0018363317
       -0.0008572846   0.0007938226  -0.0000624826   0.0000842588   0.0000212232
       -0.0000003743  -0.0000029064   0.0000051626   0.0000067061  -0.0001394865
        0.0001726103  -0.0000018113
       -0.0000265139  -0.0001342398  -0.0035927462  -0.0000135151   0.0002448126
        0.0085146228  -0.0000249985   0.0000241523  -0.0001932349  -0.0002251697
       -0.0000872718   0.0017730034   0.0000813066   0.0002783832   0.0061028921
       -0.0000097343  -0.0000153150  -0.0000493127  -0.0000001232  -0.0000306198
       -0.0013066534   0.0035007323   0.0014026045  -0.0326163191   0.0006807622
        0.0002097282   0.0001434376  -0.0000153972  -0.0000190887  -0.0008159492
       -0.0000020147   0.0000105909  -0.0000032835   0.0000398237   0.0000198126
        0.0002498418   0.0000023250   0.0000014299   0.0001757445  -0.0000022679
       -0.0000011690   0.0000097678  -0.0039872019  -0.0018363317   0.0233555361
        0.0000016137  -0.0000743258  -0.0021261639  -0.0000020087  -0.0000001113
        0.0000326221   0.0000019086   0.0000050751   0.0002861410   0.0000004729
        0.0000018834   0.0000600536
        0.0001710931  -0.0002485196   0.0000059844   0.0000958313  -0.0007170409
        0.0000161385  -0.0052344674  -0.0024504152   0.0001362459   0.0006953059
       -0.0012980496   0.0000636342  -0.0252913129   0.0196917991  -0.0002927856
        0.0002057739  -0.0001761292  -0.0000054474  -0.0009259530   0.0012260694
       -0.0000202101   0.0035702074  -0.0021552890   0.0000315381  -0.1852949535
        0.1279614100  -0.0020364045   0.0000728372  -0.0001783780   0.0000034583
       -0.0003657940  -0.0000309098  -0.0000017472   0.0008046470   0.0006203837
       -0.0000344739  -0.0000065240   0.0000514297  -0.0000010215   0.0000628908
        0.0000819902  -0.0000008588   0.0009960448  -0.0008572846   0.0000016137
        0.2106097789  -0.1414003525   0.0021292903  -0.0000333648   0.0000213592
        0.0000012306  -0.0001534242   0.0000782109  -0.0000009806   0.0000213835
       -0.0002202837   0.0000047954
        0.0012152916  -0.0012001336   0.0000229244  -0.0006497303   0.0001062423
       -0.0000020965  -0.0016681489   0.0005652574   0.0002100912  -0.0021024362
       -0.0049708950   0.0002916319  -0.0042803785   0.0048903671  -0.0000705279
       -0.0000396184   0.0000536080  -0.0000329141  -0.0002443106   0.0000947499
        0.0000026554   0.0212581514  -0.0229647948   0.0004123390   0.1280396529
       -0.1602298393   0.0021014226  -0.0000470669   0.0000104899   0.0000009736
       -0.0001284123   0.0000832286  -0.0000203036  -0.0008192665   0.0010126092
       -0.0000871202  -0.0000365281   0.0000494587   0.0000006963   0.0000552688
        0.0000681123   0.0000019857   0.0007670827   0.0007938226  -0.0000743258
       -0.1414003525   0.1820783850  -0.0027688167   0.0000205147  -0.0000123265
        0.0000067445   0.0000038699   0.0000170572  -0.0000005665   0.0000564173
       -0.0004453988   0.0000052069
       -0.0000311741   0.0000207552  -0.0000073436   0.0000086739  -0.0000043198
       -0.0002393177   0.0001159549   0.0002045186   0.0093829965   0.0001028114
        0.0002827800   0.0068256151   0.0002614342  -0.0002090920   0.0007472388
       -0.0000090873  -0.0000299548  -0.0013394024   0.0000127355  -0.0000053920
        0.0001450775  -0.0004964344   0.0005701918   0.0009637176  -0.0020469068
        0.0021002569  -0.0348488676  -0.0000019046   0.0000007382   0.0000382824
       -0.0000028349  -0.0000179572  -0.0009047821  -0.0000045327  -0.0000923975
       -0.0030657599   0.0000024418  -0.0000013587   0.0000419276  -0.0000005288
        0.0000020436   0.0001727927  -0.0000378952  -0.0000624826  -0.0021261639
        0.0021292903  -0.0027688167   0.0241707652   0.0000021264   0.0000059490
        0.0003087708   0.0000005084  -0.0000005738  -0.0000037970  -0.0000046779
        0.0000051115  -0.0002617500
        0.0000916546  -0.0002515149   0.0000065319  -0.0049368981  -0.0027555415
        0.0001707614   0.0001488984  -0.0006159761   0.0000096878  -0.0007221319
        0.0015600750  -0.0000261143   0.0001858726  -0.0001960676  -0.0000077016
       -0.0263803643   0.0192810663  -0.0001792911   0.0007835090  -0.0012220120
        0.0000664726  -0.0003809032  -0.0001363670  -0.0000008957   0.0000847287
       -0.0001462395   0.0000045487  -0.1854960033   0.1271109651  -0.0013479996
        0.0033635626  -0.0020127336   0.0000206037   0.0000063105   0.0000392706
       -0.0000008723   0.0007634343   0.0007029582  -0.0000455620   0.0001275646
       -0.0002521744   0.0000050292  -0.0001450248   0.0000842588  -0.0000020087
       -0.0000333648   0.0000205147   0.0000021264   0.2116911581  -0.1406178110
        0.0013337527   0.0009858068  -0.0008394313  -0.0000056345  -0.0001378099
        0.0002467599  -0.0000034347
        0.0001076878   0.0002144231  -0.0000035368  -0.0017704647   0.0005223533
        0.0001872840  -0.0008353018   0.0001821694  -0.0000016838  -0.0003043656
       -0.0000643235   0.0000120151   0.0000398397   0.0000687227  -0.0000311095
       -0.0049404012   0.0047202966  -0.0000497485  -0.0017327308  -0.0059403863
        0.0002496726  -0.0001364806   0.0001275493  -0.0000185668  -0.0000782552
       -0.0000347758   0.0000010560   0.1276749460  -0.1588324755   0.0014817885
        0.0217906388  -0.0224659682   0.0003022951  -0.0000548722   0.0000644843
       -0.0000008327  -0.0009771767   0.0012491309  -0.0000818083   0.0011244551
       -0.0011740881   0.0000208651   0.0000010904   0.0000212232  -0.0000001113
        0.0000213592  -0.0000123265   0.0000059490  -0.1406178110   0.1806419251
       -0.0020194951   0.0006985597   0.0007172733  -0.0000567861  -0.0000107170
       -0.0000052073   0.0000027531
       -0.0000012990  -0.0000039297   0.0000253515   0.0001222958   0.0002101296
        0.0092689471   0.0000052561  -0.0000019476  -0.0002165457   0.0000222631
        0.0000013823   0.0004615159  -0.0000050904  -0.0000364143  -0.0014160201
        0.0003293080  -0.0002390103   0.0003073725   0.0000845313   0.0002412551
        0.0061281941  -0.0000046792  -0.0000152100  -0.0008569500  -0.0000020394
       -0.0000022188  -0.0000133671  -0.0013677187   0.0014612834  -0.0337728446
       -0.0004551435   0.0005134085   0.0011166063   0.0000012770  -0.0000016890
        0.0000106665  -0.0000133953  -0.0000908564  -0.0033016521  -0.0000223366
        0.0000227289  -0.0000366955   0.0000012208  -0.0000003743   0.0000326221
        0.0000012306   0.0000067445   0.0003087708   0.0013337527  -0.0020194951
        0.0237587963  -0.0000319615  -0.0000466609  -0.0019215734   0.0000025282
        0.0000008741   0.0001168055
       -0.0001772110  -0.0001960074   0.0000049515   0.0006692020   0.0004024760
       -0.0000141842  -0.0022513146   0.0039050181  -0.0000066091   0.0003045575
        0.0002357924  -0.0000167689  -0.0011296317  -0.0006845302   0.0000254788
        0.0007341536  -0.0016881238   0.0000656377  -0.0261802479  -0.0051502211
        0.0002866808   0.0001473211   0.0000086174  -0.0000014094  -0.0001637216
        0.0002522206  -0.0000105275  -0.0087482672  -0.0042958913   0.0001559333
       -0.2781391026  -0.0724966073   0.0030773803   0.0000159850  -0.0000468181
        0.0000014168  -0.0004643310  -0.0001557390   0.0000074958   0.0009317576
       -0.0005630306  -0.0000154156  -0.0000358617  -0.0000029064   0.0000019086
       -0.0001534242   0.0000038699   0.0000005084   0.0009858068   0.0006985597
       -0.0000319615   0.3135205991   0.0796811080  -0.0035268350   0.0001337309
        0.0000922130  -0.0000036807
       -0.0000893957   0.0002189642  -0.0000031269   0.0006608311  -0.0003544730
        0.0000001781   0.0030567800  -0.0022048330   0.0002242369  -0.0000937529
       -0.0002259494  -0.0000251797   0.0008110304   0.0003102455  -0.0000092065
       -0.0013131471  -0.0056358590   0.0002413967   0.0190227073   0.0052563474
       -0.0002238902  -0.0000229665  -0.0000473393   0.0000006790   0.0002672626
       -0.0000976239  -0.0000150640  -0.0281688288  -0.0104144148   0.0004243224
       -0.0726238589  -0.0664530647   0.0011278595  -0.0000190832   0.0001226677
        0.0000018282  -0.0015134073  -0.0007453595   0.0000284198   0.0009019375
        0.0009488743  -0.0000908576  -0.0000037564   0.0000051626   0.0000050751
        0.0000782109   0.0000170572  -0.0000005738  -0.0008394313   0.0007172733
       -0.0000466609   0.0796811080   0.0785267452  -0.0016352429   0.0002077604
        0.0000555790  -0.0000041931
        0.0000033672  -0.0000060133   0.0000001766  -0.0000128646  -0.0000055601
       -0.0001539114   0.0000221440   0.0002273274   0.0096469877  -0.0000106920
       -0.0000267824  -0.0014806686  -0.0000028223   0.0000009186   0.0001804358
        0.0000562091   0.0002499231   0.0061216043  -0.0002218489  -0.0000546053
        0.0006104983  -0.0000013402   0.0000051052   0.0000378917  -0.0000112048
       -0.0000220582  -0.0008646299   0.0006459527   0.0002661812   0.0010476237
        0.0030789625   0.0011184470  -0.0344103341   0.0000014096   0.0000023796
        0.0001967671   0.0000330335   0.0000144450  -0.0000318785  -0.0000453716
       -0.0000832656  -0.0032482713   0.0000022973   0.0000067061   0.0002861410
       -0.0000009806  -0.0000005665  -0.0000037970  -0.0000056345  -0.0000567861
       -0.0019215734  -0.0035268350  -0.0016352429   0.0239586559  -0.0000037815
       -0.0000005529   0.0000282822
       -0.3086092923   0.1919104358  -0.0035815247  -0.0007345862  -0.0009056866
        0.0000248209   0.0004197846   0.0003436392  -0.0000035762   0.0131868478
        0.0049527451  -0.0002005001   0.0000222513  -0.0002740104   0.0000069068
        0.0001693495  -0.0051441222   0.0000796297  -0.0002455284   0.0001153963
       -0.0000021366   0.0004026893  -0.0011646870   0.0000402438   0.0001519665
        0.0001767239   0.0000037311  -0.0003389383   0.0010124334  -0.0000255885
        0.0001353373  -0.0004382341   0.0000136242   0.0000344871   0.0000577304
       -0.0000028514  -0.0021353456   0.0027997418   0.0000102680   0.0000390801
        0.0001198697  -0.0000051820   0.0006123314  -0.0001394865   0.0000004729
        0.0000213835   0.0000564173  -0.0000046779  -0.0001378099  -0.0000107170
        0.0000025282   0.0001337309   0.0002077604  -0.0000037815   0.2968722615
       -0.1936759494   0.0036475933
        0.1681870800  -0.1582915014   0.0032719710   0.0019441492   0.0005605617
       -0.0000549244   0.0001941772  -0.0004706289   0.0000136621   0.0270501464
       -0.0328051464   0.0006594154   0.0002327934   0.0002689528  -0.0000086073
       -0.0002015073   0.0014711523  -0.0000662805   0.0001669676  -0.0000044861
       -0.0000000971  -0.0020376938  -0.0061526730   0.0002067859   0.0013201429
       -0.0016410757   0.0000687804  -0.0003216404  -0.0001176599   0.0000048612
       -0.0001237358   0.0001431795  -0.0000008879  -0.0000521917   0.0001148770
       -0.0000059527  -0.0021396414   0.0007105100   0.0000389236   0.0000710299
        0.0001039616  -0.0000039325  -0.0007328161   0.0001726103   0.0000018834
       -0.0002202837  -0.0004453988   0.0000051115   0.0002467599  -0.0000052073
        0.0000008741   0.0000922130   0.0000555790  -0.0000005529  -0.1936759494
        0.1963323934  -0.0041310333
       -0.0029536313   0.0032393621  -0.0044423116  -0.0000522949  -0.0000458265
       -0.0008434393  -0.0000111713   0.0000139889   0.0002013340  -0.0008036147
        0.0006913427  -0.0018181837   0.0000017228  -0.0000011365  -0.0000336878
        0.0000046313   0.0000159083  -0.0014351118   0.0000009759  -0.0000032951
       -0.0000109108   0.0000519687   0.0002063997   0.0014021299  -0.0000316799
        0.0000685484   0.0016452441   0.0000080866  -0.0000192356  -0.0000879154
       -0.0000008570   0.0000065196   0.0001376203   0.0000004106  -0.0000084411
       -0.0001746957   0.0001244091  -0.0000291398   0.0012406120  -0.0000032355
       -0.0000059174  -0.0000755003   0.0000190063  -0.0000018113   0.0000600536
        0.0000047954   0.0000052069  -0.0002617500  -0.0000034347   0.0000027531
        0.0001168055  -0.0000036807  -0.0000041931   0.0000282822   0.0036475933
       -0.0041310333   0.0043514248
