           2           3   1.2503153054975282     
           1           4   1.0783055509230566     
           2           4   1.2246359209055351     
           3           5   1.2813795825359191     
           4           5  0.10285875626616515     
           2           6   1.2913947220180040     
           3           7   1.2806997602863874     
           6           7  0.11719410106256027     
           4           8   1.4638401487038919     
           5           9   1.5405734868491043     
           8           9   1.3424415377785106     
           6          10   1.5491702194225261     
           7          11   1.5563650610339219     
          10          11   1.3229388469240904     
           5          12  0.96850337167013956     
           6          13  0.95768112557905849     
           7          14  0.96831179072909335     
           8          15  0.96799711193985372     
           9          16  0.97053921733564141     
          10          17  0.97140899732112274     
          11          18  0.97091956913621824     
           1          19  0.87605190182280868     
