           2           3   1.2503149210674434     
           1           4   1.0783099936182143     
           2           4   1.2246338381768731     
           3           5   1.2813790938166902     
           4           5  0.10285853221358771     
           2           6   1.2913963896029581     
           3           7   1.2807000331143437     
           6           7  0.11719376846504309     
           4           8   1.4638395083983307     
           5           9   1.5405735913582563     
           8           9   1.3424416909148058     
           6          10   1.5491688538380273     
           7          11   1.5563645430588240     
          10          11   1.3229397874232665     
           5          12  0.96850348974143241     
           6          13  0.95768130714722632     
           7          14  0.96831155879565356     
           8          15  0.96799736554055382     
           9          16  0.97053921772587481     
          10          17  0.97140859508876509     
          11          18  0.97091893428264719     
           1          19  0.87605229627066572     
