$hessian                                                                        
        0.0001131801   0.0000000000   0.0000009357  -0.0001131801  -0.0000000000
       -0.0000009357
        0.0000000000   0.0001131801   0.0000004678  -0.0000000000  -0.0001131801
       -0.0000004678
        0.0000009357   0.0000004678   0.2681719867  -0.0000009357  -0.0000004678
       -0.2681719867
       -0.0001131801  -0.0000000000  -0.0000009357   0.0001131801   0.0000000000
        0.0000009357
       -0.0000000000  -0.0001131801  -0.0000004678   0.0000000000   0.0001131801
        0.0000004678
       -0.0000009357  -0.0000004678  -0.2681719867   0.0000009357   0.0000004678
        0.2681719867
