           2           3   1.2503152497676724     
           1           4   1.0783058489572777     
           2           4   1.2246359530746191     
           3           5   1.2813796429296094     
           4           5  0.10285873559167094     
           2           6   1.2913949342863336     
           3           7   1.2806998612421572     
           6           7  0.11719413911393731     
           4           8   1.4638399920424587     
           5           9   1.5405733081147637     
           8           9   1.3424417512097584     
           6          10   1.5491701613659647     
           7          11   1.5563649492433049     
          10          11   1.3229389921095169     
           5          12  0.96850335523055031     
           6          13  0.95768111020512214     
           7          14  0.96831173944167559     
           8          15  0.96799708950613439     
           9          16  0.97053919927716858     
          10          17  0.97140898648780571     
          11          18  0.97091955253512574     
           1          19  0.87605185151292242     
