$hessian                                                                        
        0.0001614320  -0.0000000001   0.0000008126  -0.0001614320   0.0000000001
       -0.0000008126
       -0.0000000001   0.0001614320   0.0000004064   0.0000000001  -0.0001614320
       -0.0000004064
        0.0000008126   0.0000004064   0.2327196044  -0.0000008126  -0.0000004064
       -0.2327196044
       -0.0001614320   0.0000000001  -0.0000008126   0.0001614320  -0.0000000001
        0.0000008127
        0.0000000001  -0.0001614320  -0.0000004064  -0.0000000001   0.0001614320
        0.0000004064
       -0.0000008126  -0.0000004064  -0.2327196044   0.0000008127   0.0000004064
        0.2327196044
