$hessian                                                                        
        0.5007715787   0.0435409170  -0.0000011537  -0.0897034334  -0.0648286680
        0.0000001926  -0.2259374696  -0.0505458812   0.0000007170  -0.0383403041
       -0.0016972903   0.0000001346  -0.1295424068   0.0535922067   0.0000000944
       -0.0254118971   0.0163556881   0.0000000685   0.0040818954   0.0017915778
       -0.0002245980   0.0040820370   0.0017914498   0.0002245448
        0.0435409170   0.9617802585  -0.0000015501  -0.0802175532  -0.7177666097
        0.0000014250  -0.0731047587  -0.1209265846   0.0000004564   0.0257606304
        0.0210469657  -0.0000001536   0.0691141940  -0.1184191121  -0.0000001729
       -0.0084612857   0.0094436564   0.0000000367   0.0116839014  -0.0175792552
        0.0045976314   0.0116839549  -0.0175793190  -0.0045976729
       -0.0000011537  -0.0000015501   0.1945553242   0.0000002242   0.0000013944
       -0.0660718294   0.0000007429   0.0000003065  -0.0549057360   0.0000000993
       -0.0000000252   0.0034355511   0.0000000625  -0.0000000959  -0.0740105831
        0.0000001057  -0.0000000727   0.0000293246  -0.0187801118   0.0197813640
       -0.0015160008   0.0187800309  -0.0197813209  -0.0015160507
       -0.0897034334  -0.0802175532   0.0000002242   0.1087948706   0.1188509858
       -0.0000004958  -0.0273284617  -0.0745763243   0.0000003112   0.0039432766
        0.0016618739  -0.0000000334   0.0058254220   0.0283987900   0.0000000019
        0.0028558924  -0.0006630391  -0.0000000128  -0.0021937769   0.0032726245
       -0.0002324775  -0.0021937895   0.0032726424   0.0002324822
       -0.0648286680  -0.7177666097   0.0000013944   0.1188509858   0.8389309436
       -0.0000018383  -0.0605150619  -0.0593842777   0.0000003175  -0.0004277967
       -0.0018552219   0.0000000116   0.0015400515  -0.0550048112   0.0000001308
       -0.0021958509   0.0020693514  -0.0000000091   0.0037881748  -0.0034946885
       -0.0009687353   0.0037881653  -0.0034946860   0.0009687285
        0.0000001926   0.0000014250  -0.0660718294  -0.0000004958  -0.0000018383
        0.0261406421   0.0000002926   0.0000004083   0.0259380174  -0.0000000319
       -0.0000000117  -0.0054376412   0.0000000495   0.0000000303   0.0203161914
       -0.0000000092  -0.0000000030  -0.0007820610   0.0018368846  -0.0026273591
       -0.0000516594  -0.0018368823   0.0026273486  -0.0000516600
       -0.2259374696  -0.0731047587   0.0000007429  -0.0273284617  -0.0605150619
        0.0000002926   0.5107471434  -0.0701303476  -0.0000015717  -0.2006858291
        0.1951620261   0.0000003174  -0.0487097405   0.0053606424   0.0000001889
       -0.0050490070   0.0054305851   0.0000000018  -0.0015183108  -0.0011015415
       -0.0008308370  -0.0015183247  -0.0011015439   0.0008308651
       -0.0505458812  -0.1209265846   0.0000003065  -0.0745763243  -0.0593842777
        0.0000004083  -0.0701303476   0.4243786470  -0.0000004575   0.1715925147
       -0.2509147619  -0.0000001798   0.0199920543   0.0090820080  -0.0000000715
        0.0043003003  -0.0026190187  -0.0000000148  -0.0003161551   0.0001919946
       -0.0006844845  -0.0003161611   0.0001919932   0.0006844934
        0.0000007170   0.0000004564  -0.0549057360   0.0000003112   0.0000003175
        0.0259380174  -0.0000015717  -0.0000004575   0.0367794985   0.0000003440
       -0.0000002719  -0.0168484790   0.0000001714  -0.0000000410   0.0064543985
        0.0000000119  -0.0000000121   0.0012627606   0.0013258062  -0.0008348190
        0.0006597706  -0.0013257899   0.0008348277   0.0006597694
       -0.0383403041   0.0257606304   0.0000000993   0.0039432766  -0.0004277967
       -0.0000000319  -0.2006858291   0.1715925147   0.0000003440   0.2422466708
       -0.1934992907  -0.0000004619  -0.0062941681  -0.0042376769   0.0000000469
       -0.0014965182   0.0014937228   0.0000000050   0.0003134389  -0.0003410533
        0.0004369176   0.0003134331  -0.0003410504  -0.0004369189
       -0.0016972903   0.0210469657  -0.0000000252   0.0016618739  -0.0018552219
       -0.0000000117   0.1951620261  -0.2509147619  -0.0000002719  -0.1934992907
        0.2307804913   0.0000002951  -0.0011341909   0.0001156805   0.0000000127
       -0.0004059404   0.0002188113   0.0000000016  -0.0000435945   0.0003040159
       -0.0004074930  -0.0000435933   0.0003040192   0.0004074924
        0.0000001346  -0.0000001536   0.0034355511  -0.0000000334   0.0000000116
       -0.0054376412   0.0000003174  -0.0000001798  -0.0168484790  -0.0000004619
        0.0000002951   0.0132845079   0.0000000367   0.0000000298   0.0050745322
        0.0000000084  -0.0000000050   0.0004603559   0.0004602940  -0.0005473148
        0.0000155849  -0.0004602958   0.0005473168   0.0000155881
       -0.1295424068   0.0691141940   0.0000000625   0.0058254220   0.0015400515
        0.0000000495  -0.0487097405   0.0199920543   0.0000001714  -0.0062941681
       -0.0011341909   0.0000000367   0.5132458632   0.0468520089  -0.0000001673
       -0.2439577891  -0.1011545553   0.0000008788  -0.0452834486  -0.0176043295
        0.0215223685  -0.0452837321  -0.0176052329  -0.0215234001
        0.0535922067  -0.1184191121  -0.0000000959   0.0283987900  -0.0550048112
        0.0000000303   0.0053606424   0.0090820080  -0.0000000410  -0.0042376769
        0.0001156805   0.0000000298   0.0468520089   0.4948495787  -0.0000001720
       -0.0982726210  -0.0933121843   0.0000004243  -0.0158462355  -0.1186551680
        0.1156049562  -0.0158471146  -0.1186559916  -0.1156051318
        0.0000000944  -0.0000001729  -0.0740105831   0.0000000019   0.0000001308
        0.0203161914   0.0000001889  -0.0000000715   0.0064543985   0.0000000469
        0.0000000127   0.0050745322  -0.0000001673  -0.0000001720   0.4891060354
        0.0000008703   0.0000004394  -0.0437646230   0.0195798384   0.1192167914
       -0.2015885288  -0.0195808737  -0.1192169579  -0.2015874228
       -0.0254118971  -0.0084612857   0.0000001057   0.0028558924  -0.0021958509
       -0.0000000092  -0.0050490070   0.0043003003   0.0000000119  -0.0014965182
       -0.0004059404   0.0000000084  -0.2439577891  -0.0982726210   0.0000008703
        0.2822592577   0.1132044451  -0.0000010254  -0.0045998824  -0.0040844764
        0.0016106605  -0.0046000564  -0.0040845711  -0.0016106223
        0.0163556881   0.0094436564  -0.0000000727  -0.0006630391   0.0020693514
       -0.0000000030   0.0054305851  -0.0026190187  -0.0000000121   0.0014937228
        0.0002188113  -0.0000000050  -0.1011545553  -0.0933121843   0.0000004394
        0.1132044451   0.1021246233  -0.0000004943  -0.0173333768  -0.0089625947
        0.0017323528  -0.0173334700  -0.0089626448  -0.0017322050
        0.0000000685   0.0000000367   0.0000293246  -0.0000000128  -0.0000000091
       -0.0007820610   0.0000000018  -0.0000000148   0.0012627606   0.0000000050
        0.0000000016   0.0004603559   0.0000008788   0.0000004243  -0.0437646230
       -0.0000010254  -0.0000004943   0.0452219111   0.0232358716   0.0126580859
       -0.0012139462  -0.0232357875  -0.0126580303  -0.0012137221
        0.0040818954   0.0116839014  -0.0187801118  -0.0021937769   0.0037881748
        0.0018368846  -0.0015183108  -0.0003161551   0.0013258062   0.0003134389
       -0.0000435945   0.0004602940  -0.0452834486  -0.0158462355   0.0195798384
       -0.0045998824  -0.0173333768   0.0232358716   0.0473047506   0.0169456135
       -0.0249702037   0.0018953337   0.0011216722  -0.0026883793
        0.0017915778  -0.0175792552   0.0197813640   0.0032726245  -0.0034946885
       -0.0026273591  -0.0011015415   0.0001919946  -0.0008348190  -0.0003410533
        0.0003040159  -0.0005473148  -0.0176043295  -0.1186551680   0.1192167914
       -0.0040844764  -0.0089625947   0.0126580859   0.0169456135   0.1380504373
       -0.1337604183   0.0011215848   0.0101452585  -0.0138863300
       -0.0002245980   0.0045976314  -0.0015160008  -0.0002324775  -0.0009687353
       -0.0000516594  -0.0008308370  -0.0006844845   0.0006597706   0.0004369176
       -0.0004074930   0.0000155849   0.0215223685   0.1156049562  -0.2015885288
        0.0016106605   0.0017323528  -0.0012139462  -0.0249702037  -0.1337604183
        0.2312976123   0.0026881696   0.0138861907  -0.0276028327
        0.0040820370   0.0116839549   0.0187800309  -0.0021937895   0.0037881653
       -0.0018368823  -0.0015183247  -0.0003161611  -0.0013257899   0.0003134331
       -0.0000435933  -0.0004602958  -0.0452837321  -0.0158471146  -0.0195808737
       -0.0046000564  -0.0173334700  -0.0232357875   0.0018953337   0.0011215848
        0.0026881696   0.0473050989   0.0169466338   0.0249714286
        0.0017914498  -0.0175793190  -0.0197813209   0.0032726424  -0.0034946860
        0.0026273486  -0.0011015439   0.0001919932   0.0008348277  -0.0003410504
        0.0003040192   0.0005473168  -0.0176052329  -0.1186559916  -0.1192169579
       -0.0040845711  -0.0089626448  -0.0126580303   0.0011216722   0.0101452585
        0.0138861907   0.0169466338   0.1380513704   0.1337606254
        0.0002245448  -0.0045976729  -0.0015160507   0.0002324822   0.0009687285
       -0.0000516600   0.0008308651   0.0006844934   0.0006597694  -0.0004369189
        0.0004074924   0.0000155881  -0.0215234001  -0.1156051318  -0.2015874228
       -0.0016106223  -0.0017322050  -0.0012137221  -0.0026883793  -0.0138863300
       -0.0276028327   0.0249714286   0.1337606254   0.2312963307
