$hessian                                                                        
       -0.0001262660  -0.0000000000   0.0000006017   0.0001262660   0.0000000000
       -0.0000006017
       -0.0000000000  -0.0001262660   0.0000003009   0.0000000000   0.0001262660
       -0.0000003009
        0.0000006017   0.0000003009   0.1731522241  -0.0000006017  -0.0000003009
       -0.1731522241
        0.0001262660   0.0000000000  -0.0000006017  -0.0001262660  -0.0000000000
        0.0000006017
        0.0000000000   0.0001262660  -0.0000003009  -0.0000000000  -0.0001262660
        0.0000003009
       -0.0000006017  -0.0000003009  -0.1731522241   0.0000006017   0.0000003009
        0.1731522241
